0.175781 0.898438
0.244141 0.880859
0.244141 0.880859
0.222656 0.857422
0.222656 0.857422
0.197266 0.837891
0.197266 0.837891
0.173828 0.828125
0.169922 0.826172
0.158203 0.822266
0.148438 0.822266
0.138672 0.843750
0.115234 0.882813
0.113281 0.892578
0.156250 0.951172
0.156250 0.951172
0.169922 0.951172
0.232422 0.937500
0.234375 0.931641
0.236328 0.898438
0.228516 0.845703
0.224609 0.837891
0.199219 0.785156
0.187500 0.767578
0.171875 0.761719
0.144531 0.775391
0.099609 0.818359
0.099609 0.833984
0.107422 0.888672
0.138672 0.919922
0.148438 0.929688
0.179688 0.925781
0.199219 0.898438
0.199219 0.888672
0.191406 0.873047
0.171875 0.867188
0.167969 0.865234
0.164063 0.847656
0.156250 0.818359
0.156250 0.818359
0.207031 0.802734
0.234375 0.802734
0.236328 0.812500
0.244141 0.841797
0.244141 0.884766
0.242188 0.906250
0.230469 0.917969
0.140625 0.943359
0.132813 0.941406
0.136719 0.847656
0.173828 0.837891
0.203125 0.828125
0.212891 0.812500
0.167969 0.789063
0.156250 0.785156
0.140625 0.785156
0.121094 0.798828
0.115234 0.808594
0.115234 0.828125
0.126953 0.855469
0.146484 0.871094
0.162109 0.894531
0.193359 0.916016
0.195313 0.914063
0.199219 0.861328
0.195313 0.853516
0.189453 0.814453
0.187500 0.810547
0.185547 0.798828
0.183594 0.769531
0.140625 0.757813
0.111328 0.753906
0.111328 0.736328
0.167969 0.712891
0.187500 0.712891
0.220703 0.712891
0.251953 0.722656
0.251953 0.740234
0.253906 0.763672
0.255859 0.777344
0.255859 0.777344
0.259766 0.781250
0.271484 0.808594
0.283203 0.839844
0.285156 0.878906
0.277344 0.886719
0.214844 0.851563
0.214844 0.832031
0.203125 0.783203
0.193359 0.767578
0.177734 0.740234
0.162109 0.730469
0.166016 0.726563
0.236328 0.724609
0.251953 0.724609
0.753906 0.884766
0.808594 0.884766
0.873047 0.863281
0.894531 0.769531
0.890625 0.761719
0.869141 0.746094
0.865234 0.744141
0.837891 0.705078
0.824219 0.699219
0.791016 0.699219
0.791016 0.699219
0.748047 0.699219
0.748047 0.699219
0.718750 0.742188
0.718750 0.751953
0.744141 0.791016
0.750000 0.791016
0.794922 0.744141
0.830078 0.753906
0.882813 0.832031
0.882813 0.853516
0.861328 0.902344
0.843750 0.908203
0.726563 0.910156
0.710938 0.896484
0.666016 0.830078
0.681641 0.802734
0.693359 0.794922
0.761719 0.769531
0.804688 0.816406
0.814453 0.818359
0.847656 0.794922
0.847656 0.794922
0.830078 0.787109
0.830078 0.787109
0.744141 0.832031
0.738281 0.833984
0.701172 0.835938
0.699219 0.833984
0.693359 0.792969
0.693359 0.789063
0.710938 0.759766
0.726563 0.746094
0.769531 0.736328
0.789063 0.736328
0.896484 0.734375
0.900391 0.746094
0.890625 0.822266
0.890625 0.835938
0.820313 0.904297
0.818359 0.906250
0.791016 0.925781
0.783203 0.910156
0.771484 0.830078
0.771484 0.828125
0.771484 0.826172
0.765625 0.820313
0.705078 0.826172
0.634766 0.906250
0.679688 0.945313
0.683594 0.945313
0.730469 0.931641
0.734375 0.921875
0.746094 0.884766
0.738281 0.876953
0.716797 0.867188
0.685547 0.867188
0.640625 0.878906
0.642578 0.873047
0.660156 0.808594
0.662109 0.804688
0.664063 0.753906
0.664063 0.751953
0.664063 0.750000
0.650391 0.736328
0.650391 0.736328
0.648438 0.734375
0.646484 0.734375
0.652344 0.722656
0.667969 0.712891
0.697266 0.705078
0.707031 0.705078
0.726563 0.689453
0.773438 0.669922
0.791016 0.669922
0.792969 0.667969
0.443359 0.455078
0.421875 0.429688
0.423828 0.419922
0.443359 0.396484
0.458984 0.392578
0.552734 0.388672
0.552734 0.388672
0.554688 0.414063
0.554688 0.414063
0.529297 0.453125
0.472656 0.472656
0.468750 0.470703
0.451172 0.460938
0.451172 0.460938
0.453125 0.447266
0.484375 0.427734
0.484375 0.423828
0.539063 0.406250
0.533203 0.417969
0.507813 0.451172
0.507813 0.457031
0.507813 0.484375
0.507813 0.490234
0.507813 0.490234
0.501953 0.474609
0.486328 0.451172
0.468750 0.437500
0.458984 0.427734
0.462891 0.421875
0.484375 0.416016
0.517578 0.406250
0.544922 0.400391
0.482422 0.398438
0.480469 0.400391
0.462891 0.423828
0.451172 0.441406
0.462891 0.492188
0.492188 0.513672
0.535156 0.501953
0.537109 0.498047
0.544922 0.480469
0.550781 0.458984
0.554688 0.433594
0.554688 0.421875
0.546875 0.398438
0.533203 0.394531
0.490234 0.396484
0.468750 0.396484
0.425781 0.423828
0.425781 0.433594
0.419922 0.464844
0.431641 0.486328
0.435547 0.492188
0.445313 0.498047
0.453125 0.507813
0.453125 0.507813
0.453125 0.507813
0.453125 0.507813
0.402344 0.507813
0.398438 0.496094
0.398438 0.474609
0.398438 0.470703
0.398438 0.462891
0.398438 0.449219
0.406250 0.435547
0.412109 0.423828
0.433594 0.402344
0.464844 0.398438
0.464844 0.398438
0.527344 0.390625
0.537109 0.392578
0.580078 0.396484
0.582031 0.408203
0.582031 0.414063
0.578125 0.441406
0.572266 0.466797
0.562500 0.484375
0.507813 0.501953
0.500000 0.505859
0.462891 0.519531
0.414063 0.523438
0.408203 0.498047
0.408203 0.488281
0.410156 0.453125
0.445313 0.425781
0.498047 0.394531
0.496094 0.357422
0.460938 0.353516
0.419922 0.369141
0.421875 0.373047
0.490234 0.373047
0.515625 0.373047
0.537109 0.373047
0.537109 0.373047
0.560547 0.349609
0.513672 0.339844
0.478516 0.314453
0.580078 0.343750
0.589844 0.394531
0.589844 0.394531
0.544922 0.457031
0.544922 0.457031
0.466797 0.455078
0.130859 0.273438
0.093750 0.238281
0.093750 0.236328
0.093750 0.203125
0.099609 0.189453
0.123047 0.166016
0.150391 0.158203
0.162109 0.154297
0.218750 0.142578
0.220703 0.142578
0.267578 0.158203
0.273438 0.171875
0.277344 0.191406
0.277344 0.208984
0.265625 0.230469
0.228516 0.253906
0.181641 0.275391
0.132813 0.238281
0.128906 0.224609
0.152344 0.203125
0.181641 0.201172
0.185547 0.201172
0.246094 0.195313
0.251953 0.185547
0.242188 0.179688
0.210938 0.179688
0.185547 0.179688
0.132813 0.193359
0.132813 0.199219
0.203125 0.234375
0.203125 0.234375
0.216797 0.195313
0.166016 0.187500
0.166016 0.228516
0.166016 0.228516
0.166016 0.228516
0.166016 0.232422
0.166016 0.232422
0.166016 0.232422
0.166016 0.248047
0.128906 0.224609
0.126953 0.208984
0.126953 0.203125
0.125000 0.199219
0.126953 0.197266
0.173828 0.175781
0.197266 0.173828
0.205078 0.175781
0.216797 0.187500
0.228516 0.197266
0.234375 0.208984
0.236328 0.220703
0.236328 0.224609
0.218750 0.236328
0.212891 0.240234
0.158203 0.244141
0.125000 0.261719
0.125000 0.261719
0.109375 0.236328
0.105469 0.228516
0.105469 0.207031
0.111328 0.199219
0.119141 0.195313
0.154297 0.183594
0.210938 0.171875
0.226563 0.169922
0.228516 0.166016
0.253906 0.185547
0.259766 0.189453
0.271484 0.210938
0.281250 0.216797
0.238281 0.218750
0.189453 0.216797
0.111328 0.234375
0.111328 0.238281
0.130859 0.238281
0.167969 0.238281
0.218750 0.228516
0.244141 0.234375
0.257813 0.210938
0.832031 0.220703
0.832031 0.220703
0.765625 0.232422
0.666016 0.203125
0.640625 0.169922
0.638672 0.167969
0.646484 0.130859
0.671875 0.119141
0.689453 0.113281
0.703125 0.111328
0.720703 0.105469
0.720703 0.105469
0.771484 0.107422
0.796875 0.107422
0.812500 0.113281
0.851563 0.136719
0.851563 0.136719
0.857422 0.164063
0.863281 0.177734
0.863281 0.177734
0.902344 0.224609
0.906250 0.224609
0.912109 0.208984
0.917969 0.181641
0.923828 0.156250
0.921875 0.138672
0.904297 0.121094
0.886719 0.109375
0.875000 0.105469
0.875000 0.105469
0.830078 0.097656
0.830078 0.097656
0.826172 0.105469
0.818359 0.125000
0.816406 0.126953
0.779297 0.162109
0.773438 0.169922
0.701172 0.169922
0.679688 0.166016
0.673828 0.144531
0.673828 0.140625
0.738281 0.132813
0.789063 0.150391
0.828125 0.185547
0.833984 0.191406
0.867188 0.199219
0.886719 0.179688
0.886719 0.177734
0.876953 0.166016
0.812500 0.152344
0.775391 0.154297
0.742188 0.162109
0.742188 0.162109
0.710938 0.164063
0.705078 0.205078
0.708984 0.205078
0.716797 0.208984
0.730469 0.208984
0.769531 0.189453
0.773438 0.179688
0.800781 0.156250
0.818359 0.140625
0.865234 0.128906
0.871094 0.132813
0.875000 0.169922
0.875000 0.169922
0.794922 0.210938
0.785156 0.210938
0.775391 0.199219
0.765625 0.171875
0.732422 0.134766
0.732422 0.134766
0.750000 0.119141
0.755859 0.119141
0.810547 0.119141
0.835938 0.119141
0.884766 0.123047
0.888672 0.123047
0.894531 0.134766
0.894531 0.144531